# rerun EXP on Amazon(Electro)
AUC: 0.8697 0.8692 0.8696 0.8696 0.8695
mean: 0.86952 std: 0.000172
